1.000000000000000222e+00 0.000000000000000000e+00 -5.011356945583319699e-18 0.000000000000000000e+00 0.000000000000000000e+00 1.000000000000000000e+00 0.000000000000000000e+00 0.000000000000000000e+00 -2.040257117782676000e-17 0.000000000000000000e+00 9.999999999999998890e-01 0.000000000000000000e+00
9.999921789976948805e-01 0.000000000000000000e+00 3.954989689306482453e-03 -2.986032296622587179e-03 0.000000000000000000e+00 1.000000000000000000e+00 0.000000000000000000e+00 1.157384926332606645e-02 -3.954989689306530158e-03 0.000000000000000000e+00 9.999921789976946584e-01 8.686246195069796672e-01
9.999719425907040993e-01 0.000000000000000000e+00 7.490929940517847101e-03 -6.767327642720144532e-03 0.000000000000000000e+00 1.000000000000000000e+00 0.000000000000000000e+00 1.286342157277603482e-02 -7.490929940517859244e-03 0.000000000000000000e+00 9.999719425907038772e-01 1.832549383436345547e+00
9.999477864738818278e-01 0.000000000000000000e+00 1.021882214270659547e-02 -1.012707525138500930e-02 0.000000000000000000e+00 1.000000000000000000e+00 0.000000000000000000e+00 9.010888671407452089e-03 -1.021882214270661629e-02 0.000000000000000000e+00 9.999477864738814947e-01 2.711871096021997385e+00
9.999173370568855690e-01 0.000000000000000000e+00 1.285764570467332057e-02 -8.821770020379093857e-03 0.000000000000000000e+00 1.000000000000000000e+00 0.000000000000000000e+00 1.024728718586459530e-02 -1.285764570467334486e-02 0.000000000000000000e+00 9.999173370568853469e-01 3.593751922333653148e+00
9.999163181826338231e-01 0.000000000000000000e+00 1.293663913409630849e-02 -2.011510729731713631e-03 0.000000000000000000e+00 1.000000000000000000e+00 0.000000000000000000e+00 2.518626016346908747e-02 -1.293663913409633451e-02 0.000000000000000000e+00 9.999163181826337121e-01 4.563905559498986797e+00
9.999255809230516157e-01 0.000000000000000000e+00 1.219969736091887011e-02 -7.176388187731808088e-04 0.000000000000000000e+00 1.000000000000000000e+00 0.000000000000000000e+00 3.528064136353881164e-02 -1.219969736091889440e-02 0.000000000000000000e+00 9.999255809230513936e-01 5.448289736866690269e+00
9.999565597940123229e-01 0.000000000000000000e+00 9.320865030889009459e-03 5.085557605805757220e-03 0.000000000000000000e+00 1.000000000000000000e+00 0.000000000000000000e+00 3.506783885230752018e-02 -9.320865030889019867e-03 0.000000000000000000e+00 9.999565597940121009e-01 6.337334175896900845e+00
9.999745245861669796e-01 0.000000000000000000e+00 7.137939385395601112e-03 1.067147772676135808e-02 0.000000000000000000e+00 1.000000000000000000e+00 0.000000000000000000e+00 3.046836335715175093e-02 -7.137939385395642745e-03 0.000000000000000000e+00 9.999745245861667575e-01 7.318380180077848962e+00
9.999910577928273758e-01 0.000000000000000000e+00 4.228987394461136522e-03 9.694482193452591545e-03 0.000000000000000000e+00 1.000000000000000000e+00 0.000000000000000000e+00 2.843240526055501594e-02 -4.228987394461173818e-03 0.000000000000000000e+00 9.999910577928270428e-01 8.215351775697619985e+00
9.999999088355014942e-01 0.000000000000000000e+00 -4.269999870240069693e-04 6.022887749524530321e-03 0.000000000000000000e+00 1.000000000000000000e+00 0.000000000000000000e+00 2.616769475992386518e-02 4.269999870239825205e-04 0.000000000000000000e+00 9.999999088355012722e-01 9.115365561807783124e+00
9.999713552562546903e-01 0.000000000000000000e+00 -7.568927729173273444e-03 2.564411318658255112e-03 0.000000000000000000e+00 1.000000000000000000e+00 0.000000000000000000e+00 1.812003516865645647e-02 7.568927729173235280e-03 0.000000000000000000e+00 9.999713552562544683e-01 1.001869128681762433e+01
9.998812220669408557e-01 0.000000000000000000e+00 -1.541238975374037944e-02 -1.167350307282322142e-02 0.000000000000000000e+00 1.000000000000000000e+00 0.000000000000000000e+00 1.403231867484477924e-02 1.541238975374033954e-02 0.000000000000000000e+00 9.998812220669406337e-01 1.101389849534300680e+01
9.997123976589085137e-01 0.000000000000000000e+00 -2.398170067106211722e-02 -2.687216056987717927e-02 0.000000000000000000e+00 1.000000000000000000e+00 0.000000000000000000e+00 1.349225885573246408e-02 2.398170067106207559e-02 0.000000000000000000e+00 9.997123976589084027e-01 1.192098406098151564e+01
9.994653045521657564e-01 0.000000000000000000e+00 -3.269717107712438037e-02 -4.985033785618697699e-02 0.000000000000000000e+00 1.000000000000000000e+00 0.000000000000000000e+00 1.251745720063279776e-02 3.269717107712435261e-02 0.000000000000000000e+00 9.994653045521655343e-01 1.282991150774683931e+01
9.990826788326712116e-01 0.000000000000000000e+00 -4.282290107563797160e-02 -8.442759108927400113e-02 0.000000000000000000e+00 1.000000000000000000e+00 0.000000000000000000e+00 1.283235327870213549e-02 4.282290107563790915e-02 0.000000000000000000e+00 9.990826788326709895e-01 1.383207192909925354e+01
9.986342345491534545e-01 0.000000000000000000e+00 -5.224620164592265470e-02 -1.262278243664582966e-01 0.000000000000000000e+00 1.000000000000000000e+00 0.000000000000000000e+00 1.678642019987464096e-02 5.224620164592262694e-02 0.000000000000000000e+00 9.986342345491532324e-01 1.474451202008719619e+01
9.981116215158497562e-01 0.000000000000000000e+00 -6.142630539924285454e-02 -1.772841144666084112e-01 0.000000000000000000e+00 1.000000000000000000e+00 0.000000000000000000e+00 1.610195818779458499e-02 6.142630539924280597e-02 0.000000000000000000e+00 9.981116215158496452e-01 1.566124506710333897e+01
9.975384645024073516e-01 0.000000000000000000e+00 -7.012140784510520475e-02 -2.384433686012039644e-01 0.000000000000000000e+00 1.000000000000000000e+00 0.000000000000000000e+00 1.315170378313257338e-02 7.012140784510514924e-02 0.000000000000000000e+00 9.975384645024071295e-01 1.658091877050642537e+01
9.968956265920271287e-01 0.000000000000000000e+00 -7.873442501021829520e-02 -3.149285753718169545e-01 0.000000000000000000e+00 1.000000000000000000e+00 0.000000000000000000e+00 1.078167701453192073e-02 7.873442501021823969e-02 0.000000000000000000e+00 9.968956265920269066e-01 1.759472036488045177e+01
9.962764828959649321e-01 0.000000000000000000e+00 -8.621583165780133395e-02 -3.909969191208584327e-01 0.000000000000000000e+00 1.000000000000000000e+00 0.000000000000000000e+00 1.129546400041192555e-02 8.621583165780129232e-02 0.000000000000000000e+00 9.962764828959647101e-01 1.851944208075974174e+01
9.956421360144731558e-01 0.000000000000000000e+00 -9.325629733448367875e-02 -4.750693197656357114e-01 0.000000000000000000e+00 1.000000000000000000e+00 0.000000000000000000e+00 1.192383594228640931e-02 9.325629733448360936e-02 0.000000000000000000e+00 9.956421360144729338e-01 1.944681785784461781e+01
9.949158259076487099e-01 0.000000000000000000e+00 -1.007099764596412345e-01 -5.762820472617735668e-01 0.000000000000000000e+00 1.000000000000000000e+00 0.000000000000000000e+00 1.275101870347428168e-02 1.007099764596411651e-01 0.000000000000000000e+00 9.949158259076484878e-01 2.047135747617619117e+01
9.941845482368770748e-01 0.000000000000000000e+00 -1.076897583200776692e-01 -6.726146869712530396e-01 0.000000000000000000e+00 1.000000000000000000e+00 0.000000000000000000e+00 1.227344282317210933e-02 1.076897583200775999e-01 0.000000000000000000e+00 9.941845482368768527e-01 2.140722103608699456e+01
9.934488340928968597e-01 0.000000000000000000e+00 -1.142777932910145483e-01 -7.761067772124627950e-01 0.000000000000000000e+00 1.000000000000000000e+00 0.000000000000000000e+00 8.759527855370929927e-03 1.142777932910144789e-01 0.000000000000000000e+00 9.934488340928967487e-01 2.234866843008057558e+01
9.925506659316858382e-01 0.000000000000000000e+00 -1.218325718294057669e-01 -9.013366047475277476e-01 0.000000000000000000e+00 1.000000000000000000e+00 0.000000000000000000e+00 6.566006463049944841e-03 1.218325718294057114e-01 0.000000000000000000e+00 9.925506659316855052e-01 2.339033486179108223e+01
9.917144285683059390e-01 0.000000000000000000e+00 -1.284620261767594751e-01 -1.026444747512956113e+00 0.000000000000000000e+00 1.000000000000000000e+00 0.000000000000000000e+00 5.272579888805140058e-03 1.284620261767594196e-01 0.000000000000000000e+00 9.917144285683058280e-01 2.434136290020463278e+01
9.906054332294893516e-01 0.000000000000000000e+00 -1.367511449905113030e-01 -1.167857613885785018e+00 0.000000000000000000e+00 1.000000000000000000e+00 0.000000000000000000e+00 5.558986406694721438e-03 1.367511449905112197e-01 0.000000000000000000e+00 9.906054332294891296e-01 2.539349853451185979e+01
9.896377022076195962e-01 0.000000000000000000e+00 -1.435869714466571634e-01 -1.306498518648210538e+00 0.000000000000000000e+00 1.000000000000000000e+00 0.000000000000000000e+00 -4.470334861839120322e-05 1.435869714466571079e-01 0.000000000000000000e+00 9.896377022076193741e-01 2.635387272184139817e+01
9.885807955500145461e-01 0.000000000000000000e+00 -1.506917737293589354e-01 -1.451442382653593821e+00 0.000000000000000000e+00 1.000000000000000000e+00 0.000000000000000000e+00 -6.716340440354073849e-03 1.506917737293588799e-01 0.000000000000000000e+00 9.885807955500144351e-01 2.731847823739912684e+01
9.872758295094823389e-01 0.000000000000000000e+00 -1.590170948871969525e-01 -1.618130862395400271e+00 0.000000000000000000e+00 1.000000000000000000e+00 0.000000000000000000e+00 -3.797225879297982942e-03 1.590170948871968692e-01 0.000000000000000000e+00 9.872758295094821168e-01 2.838431024154746751e+01
9.859746172027599176e-01 0.000000000000000000e+00 -1.668953391556253496e-01 -1.777015735507908811e+00 0.000000000000000000e+00 1.000000000000000000e+00 0.000000000000000000e+00 3.546694818663542748e-03 1.668953391556252663e-01 0.000000000000000000e+00 9.859746172027596955e-01 2.935829905244929350e+01
9.845844886586684330e-01 0.000000000000000000e+00 -1.749096472260706914e-01 -1.942573666580117653e+00 0.000000000000000000e+00 1.000000000000000000e+00 0.000000000000000000e+00 9.525131655559793131e-03 1.749096472260706359e-01 0.000000000000000000e+00 9.845844886586682110e-01 3.033694131398222993e+01
9.830667881571031330e-01 0.000000000000000000e+00 -1.832476194183095264e-01 -2.133927360457195554e+00 0.000000000000000000e+00 1.000000000000000000e+00 0.000000000000000000e+00 1.307046344769124957e-02 1.832476194183094709e-01 0.000000000000000000e+00 9.830667881571029110e-01 3.141955763061521623e+01
9.817489513841395343e-01 0.000000000000000000e+00 -1.901814829475855506e-01 -2.317440415684028032e+00 0.000000000000000000e+00 1.000000000000000000e+00 0.000000000000000000e+00 1.499044454773823531e-02 1.901814829475854951e-01 0.000000000000000000e+00 9.817489513841393123e-01 3.240847629861239199e+01
9.805311368605945654e-01 0.000000000000000000e+00 -1.963636668196791779e-01 -2.511978682817562536e+00 0.000000000000000000e+00 1.000000000000000000e+00 0.000000000000000000e+00 1.591116985830520747e-02 1.963636668196790946e-01 0.000000000000000000e+00 9.805311368605944544e-01 3.340321077691789498e+01
9.793999801289869911e-01 0.000000000000000000e+00 -2.019298861569037706e-01 -2.714378500103349801e+00 0.000000000000000000e+00 1.000000000000000000e+00 0.000000000000000000e+00 1.620647571714384227e-02 2.019298861569037151e-01 0.000000000000000000e+00 9.793999801289867690e-01 3.440344534255171993e+01
9.782855442088633779e-01 0.000000000000000000e+00 -2.072616558651603769e-01 -2.944945185058984727e+00 0.000000000000000000e+00 1.000000000000000000e+00 0.000000000000000000e+00 1.772325086913584258e-02 2.072616558651603214e-01 0.000000000000000000e+00 9.782855442088631559e-01 3.550974970979183354e+01
9.774727409075246731e-01 0.000000000000000000e+00 -2.110616989951787092e-01 -3.183324931572214744e+00 0.000000000000000000e+00 1.000000000000000000e+00 0.000000000000000000e+00 1.926315352280916215e-02 2.110616989951786537e-01 0.000000000000000000e+00 9.774727409075244511e-01 3.662207349308176418e+01
9.769783142941497189e-01 0.000000000000000000e+00 -2.133386355045939486e-01 -3.382165330364980349e+00 0.000000000000000000e+00 1.000000000000000000e+00 0.000000000000000000e+00 2.209144815035202214e-02 2.133386355045938654e-01 0.000000000000000000e+00 9.769783142941493859e-01 3.753805870587974169e+01
9.765018644274279236e-01 0.000000000000000000e+00 -2.155089528761099660e-01 -3.629770959290094190e+00 0.000000000000000000e+00 1.000000000000000000e+00 0.000000000000000000e+00 2.819418706667509156e-02 2.155089528761099105e-01 0.000000000000000000e+00 9.765018644274277015e-01 3.866461792095649486e+01
9.760645443802439258e-01 0.000000000000000000e+00 -2.174810456195829522e-01 -3.855163420575673072e+00 0.000000000000000000e+00 1.000000000000000000e+00 0.000000000000000000e+00 3.433467946031321105e-02 2.174810456195828967e-01 0.000000000000000000e+00 9.760645443802437038e-01 3.969627643038617038e+01
9.755986568294827688e-01 0.000000000000000000e+00 -2.195615193801255527e-01 -4.085764005580694302e+00 0.000000000000000000e+00 1.000000000000000000e+00 0.000000000000000000e+00 4.396201858871862100e-02 2.195615193801254417e-01 0.000000000000000000e+00 9.755986568294826577e-01 4.073350924759521519e+01
9.751318809019580147e-01 0.000000000000000000e+00 -2.216253930591207677e-01 -4.342745807885998843e+00 0.000000000000000000e+00 1.000000000000000000e+00 0.000000000000000000e+00 5.342241771826294894e-02 2.216253930591207122e-01 0.000000000000000000e+00 9.751318809019577927e-01 4.187967330652533349e+01
9.746218023520044627e-01 0.000000000000000000e+00 -2.238578620020540977e-01 -4.581974884800529502e+00 0.000000000000000000e+00 1.000000000000000000e+00 0.000000000000000000e+00 6.507963164981056536e-02 2.238578620020540144e-01 0.000000000000000000e+00 9.746218023520042406e-01 4.292822783801776865e+01
9.740763080976124755e-01 0.000000000000000000e+00 -2.262196852683811543e-01 -4.825440716497085170e+00 0.000000000000000000e+00 1.000000000000000000e+00 0.000000000000000000e+00 7.256378763804693932e-02 2.262196852683810988e-01 0.000000000000000000e+00 9.740763080976122534e-01 4.398243052489080185e+01
9.733247100828973375e-01 0.000000000000000000e+00 -2.294319261612127736e-01 -5.070697529029903450e+00 0.000000000000000000e+00 1.000000000000000000e+00 0.000000000000000000e+00 7.529505490646659638e-02 2.294319261612126903e-01 0.000000000000000000e+00 9.733247100828971154e-01 4.504221929355254161e+01
9.724066640884894142e-01 0.000000000000000000e+00 -2.332922622726604500e-01 -5.347989783166975819e+00 0.000000000000000000e+00 1.000000000000000000e+00 0.000000000000000000e+00 7.882843520811810833e-02 2.332922622726603668e-01 0.000000000000000000e+00 9.724066640884893031e-01 4.621468731093285243e+01
9.715837134624217830e-01 0.000000000000000000e+00 -2.366961929025706846e-01 -5.608230202871765435e+00 0.000000000000000000e+00 1.000000000000000000e+00 0.000000000000000000e+00 7.694440117384360178e-02 2.366961929025706290e-01 0.000000000000000000e+00 9.715837134624215610e-01 4.728527929667245644e+01
9.707694921131082566e-01 0.000000000000000000e+00 -2.400137354037435167e-01 -5.872616862984900266e+00 0.000000000000000000e+00 1.000000000000000000e+00 0.000000000000000000e+00 7.817338498738646280e-02 2.400137354037434612e-01 0.000000000000000000e+00 9.707694921131079235e-01 4.835965026909750009e+01
9.699699734058073730e-01 0.000000000000000000e+00 -2.432246917793041974e-01 -6.168421185264116424e+00 0.000000000000000000e+00 1.000000000000000000e+00 0.000000000000000000e+00 8.309607171099475664e-02 2.432246917793041141e-01 0.000000000000000000e+00 9.699699734058071510e-01 4.954436193992972193e+01
9.693512655749152440e-01 0.000000000000000000e+00 -2.456789041173666199e-01 -6.443463300780910785e+00 0.000000000000000000e+00 1.000000000000000000e+00 0.000000000000000000e+00 8.684322669090249747e-02 2.456789041173665644e-01 0.000000000000000000e+00 9.693512655749150220e-01 5.062600976600569425e+01
9.687774426639236269e-01 0.000000000000000000e+00 -2.479319797556344407e-01 -6.721731510085647621e+00 0.000000000000000000e+00 1.000000000000000000e+00 0.000000000000000000e+00 8.425058529165685428e-02 2.479319797556343852e-01 0.000000000000000000e+00 9.687774426639234049e-01 5.171181443157242796e+01
9.682439003083349593e-01 0.000000000000000000e+00 -2.500074989189391972e-01 -7.032315239982110278e+00 0.000000000000000000e+00 1.000000000000000000e+00 0.000000000000000000e+00 8.181169037013802381e-02 2.500074989189390862e-01 0.000000000000000000e+00 9.682439003083347373e-01 5.290939008525403153e+01
9.677290987803862654e-01 0.000000000000000000e+00 -2.519928399254660056e-01 -7.314612334613284084e+00 0.000000000000000000e+00 1.000000000000000000e+00 0.000000000000000000e+00 8.521622839505038627e-02 2.519928399254658946e-01 0.000000000000000000e+00 9.677290987803861544e-01 5.400171950526541309e+01
9.674348704752915307e-01 0.000000000000000000e+00 -2.531200730650501329e-01 -7.599534392983990472e+00 0.000000000000000000e+00 1.000000000000000000e+00 0.000000000000000000e+00 9.090216626726554949e-02 2.531200730650500774e-01 0.000000000000000000e+00 9.674348704752911976e-01 5.509512052777765234e+01
9.672546575891939336e-01 0.000000000000000000e+00 -2.538078552212509331e-01 -7.919125095202374176e+00 0.000000000000000000e+00 1.000000000000000000e+00 0.000000000000000000e+00 9.800843586365903803e-02 2.538078552212508776e-01 0.000000000000000000e+00 9.672546575891937115e-01 5.630447244145195640e+01
9.672452660364670995e-01 0.000000000000000000e+00 -2.538436434698420618e-01 -8.211883399895832270e+00 0.000000000000000000e+00 1.000000000000000000e+00 0.000000000000000000e+00 1.074867080829839949e-01 2.538436434698419508e-01 0.000000000000000000e+00 9.672452660364668775e-01 5.740843899496400837e+01
9.672493274109550399e-01 0.000000000000000000e+00 -2.538281675130940607e-01 -8.507659734160188947e+00 0.000000000000000000e+00 1.000000000000000000e+00 0.000000000000000000e+00 1.132497413342434811e-01 2.538281675130939496e-01 0.000000000000000000e+00 9.672493274109548178e-01 5.851967286687824554e+01
9.673398824273531371e-01 0.000000000000000000e+00 -2.534828433354706090e-01 -8.833079702883742002e+00 0.000000000000000000e+00 1.000000000000000000e+00 0.000000000000000000e+00 1.154588188374194857e-01 2.534828433354704980e-01 0.000000000000000000e+00 9.673398824273530261e-01 5.974793102157423164e+01
9.676287289866647434e-01 0.000000000000000000e+00 -2.523779761382756726e-01 -9.128981146511142342e+00 0.000000000000000000e+00 1.000000000000000000e+00 0.000000000000000000e+00 1.154240656684706323e-01 2.523779761382756170e-01 0.000000000000000000e+00 9.676287289866645214e-01 6.087147645781124794e+01
9.680287866688077614e-01 0.000000000000000000e+00 -2.508391280891325570e-01 -9.455667958055274269e+00 0.000000000000000000e+00 1.000000000000000000e+00 0.000000000000000000e+00 1.123923767638821403e-01 2.508391280891324460e-01 0.000000000000000000e+00 9.680287866688075393e-01 6.211451395028887390e+01
9.685066213573203520e-01 0.000000000000000000e+00 -2.489877996750610722e-01 -9.753700811163311002e+00 0.000000000000000000e+00 1.000000000000000000e+00 0.000000000000000000e+00 1.095353350109515844e-01 2.489877996750609612e-01 0.000000000000000000e+00 9.685066213573201299e-01 6.325214027202412126e+01
9.689067311633051682e-01 0.000000000000000000e+00 -2.474262441747821228e-01 -1.005204677585496142e+01 0.000000000000000000e+00 1.000000000000000000e+00 0.000000000000000000e+00 1.097074357165030989e-01 2.474262441747820396e-01 0.000000000000000000e+00 9.689067311633049462e-01 6.439532288919183145e+01
9.693367688324248110e-01 0.000000000000000000e+00 -2.457360954143984755e-01 -1.035147658016127181e+01 0.000000000000000000e+00 1.000000000000000000e+00 0.000000000000000000e+00 1.127103224919316915e-01 2.457360954143983645e-01 0.000000000000000000e+00 9.693367688324245890e-01 6.554440080560887338e+01
9.698085022626139473e-01 0.000000000000000000e+00 -2.438677283675430019e-01 -1.067739062167565578e+01 0.000000000000000000e+00 1.000000000000000000e+00 0.000000000000000000e+00 1.203610467953843965e-01 2.438677283675429464e-01 0.000000000000000000e+00 9.698085022626137253e-01 6.681508955912802605e+01
9.702190113637796376e-01 0.000000000000000000e+00 -2.422293747428052035e-01 -1.097149714969931544e+01 0.000000000000000000e+00 1.000000000000000000e+00 0.000000000000000000e+00 1.279421596967953434e-01 2.422293747428050925e-01 0.000000000000000000e+00 9.702190113637794155e-01 6.797668291033406263e+01
9.705111575312391770e-01 0.000000000000000000e+00 -2.410562032128077126e-01 -1.126450826798274285e+01 0.000000000000000000e+00 1.000000000000000000e+00 0.000000000000000000e+00 1.318156722927170676e-01 2.410562032128076293e-01 0.000000000000000000e+00 9.705111575312390659e-01 6.914425040998671079e+01
9.708002059186122690e-01 0.000000000000000000e+00 -2.398894749429001938e-01 -1.155974377321177471e+01 0.000000000000000000e+00 1.000000000000000000e+00 0.000000000000000000e+00 1.326072201680599250e-01 2.398894749429000828e-01 0.000000000000000000e+00 9.708002059186120469e-01 7.031888389421096974e+01
9.710873742433911993e-01 0.000000000000000000e+00 -2.387243422549867322e-01 -1.188866895263075563e+01 0.000000000000000000e+00 1.000000000000000000e+00 0.000000000000000000e+00 1.290288295568124965e-01 2.387243422549866489e-01 0.000000000000000000e+00 9.710873742433909772e-01 7.161973969658728834e+01
9.713683928309285731e-01 0.000000000000000000e+00 -2.375782932194332731e-01 -1.218753205953770014e+01 0.000000000000000000e+00 1.000000000000000000e+00 0.000000000000000000e+00 1.314765982647312370e-01 2.375782932194331620e-01 0.000000000000000000e+00 9.713683928309283511e-01 7.280772068627889837e+01
9.714695130407551282e-01 0.000000000000000000e+00 -2.371644687392242545e-01 -1.248769764702175245e+01 0.000000000000000000e+00 1.000000000000000000e+00 0.000000000000000000e+00 1.491758056871805849e-01 2.371644687392241990e-01 0.000000000000000000e+00 9.714695130407549062e-01 7.399921814438273771e+01
9.712494822682220530e-01 0.000000000000000000e+00 -2.380639476983255898e-01 -1.281238329692309286e+01 0.000000000000000000e+00 1.000000000000000000e+00 0.000000000000000000e+00 1.639852566911912390e-01 2.380639476983254788e-01 0.000000000000000000e+00 9.712494822682217199e-01 7.531799550435769675e+01
9.710615863510961843e-01 0.000000000000000000e+00 -2.388292182989607826e-01 -1.310928679233127525e+01 0.000000000000000000e+00 1.000000000000000000e+00 0.000000000000000000e+00 1.673113600934250655e-01 2.388292182989607271e-01 0.000000000000000000e+00 9.710615863510959622e-01 7.652500778773857348e+01
9.710570484206721975e-01 0.000000000000000000e+00 -2.388476684259916716e-01 -1.340800932132192358e+01 0.000000000000000000e+00 1.000000000000000000e+00 0.000000000000000000e+00 1.655566002107722312e-01 2.388476684259915883e-01 0.000000000000000000e+00 9.710570484206719755e-01 7.773752152598068221e+01
9.710854644175783701e-01 0.000000000000000000e+00 -2.387321109463416691e-01 -1.374142830769344670e+01 0.000000000000000000e+00 1.000000000000000000e+00 0.000000000000000000e+00 1.654058895925523132e-01 2.387321109463415580e-01 0.000000000000000000e+00 9.710854644175781480e-01 7.907591897661768598e+01
9.710651686801260452e-01 0.000000000000000000e+00 -2.388146523482978789e-01 -1.404643481098499258e+01 0.000000000000000000e+00 1.000000000000000000e+00 0.000000000000000000e+00 1.711056755103825822e-01 2.388146523482977956e-01 0.000000000000000000e+00 9.710651686801259341e-01 8.029634450006740565e+01
